"ORI","year","department_name","total_pop","homs_sum","rape_sum","rob_sum","agg_ass_sum","violent_crime","months_reported","violent_per_100k","homs_per_100k","rape_per_100k","rob_per_100k","agg_ass_per_100k","source","url"
"NM00101",1975,"Albuquerque, N.M.",286238,30,181,819,1353,2383,12,832.523983538174,10.4807887142867,63.2340919095298,286.125531900027,472.683571014331,NA,NA
"TX22001",1975,"Arlington, Texas",112478,5,28,113,132,278,12,247.159444513594,4.44531375024449,24.8937570013692,100.464090755526,117.356283006455,NA,NA
"GAAPD00",1975,"Atlanta",490584,185,443,3887,3518,8033,12,1637.43619848996,37.7101576896108,90.3005397648517,792.320988862254,717.104512173247,NA,NA
"CO00101",1975,"Aurora, Colo.",116656,7,44,171,389,611,12,523.76217254149,6.00054862158826,37.7177341928405,146.584830613085,333.459059113976,NA,NA
"TX22701",1975,"Austin, Texas",300400,33,190,529,463,1215,12,404.460719041278,10.9853528628495,63.2490013315579,176.098535286285,154.127829560586,NA,NA
"MDBPD00",1975,"Baltimore",864100,259,463,9055,6309,16086,12,1861.59009373915,29.9733827103345,53.5817613702118,1047.91112139799,730.123828260618,NA,NA
"MD00301",1975,"Baltimore County, Md.",642154,25,137,750,347,1259,12,196.058889300697,3.89314712670169,21.3344462543253,116.794413801051,54.0368821186195,NA,NA
"MA01301",1975,"Boston",616120,119,453,7778,3036,11386,12,1848.01662013893,19.3144192689736,73.5246380575213,1262.4164123872,492.761150425242,NA,NA
"NY01401",1975,"Buffalo, N.Y.",422276,63,192,2340,755,3350,12,793.320008714679,14.919152402694,45.4678930367816,554.139946385776,178.793016889428,NA,NA
"NC06001",1975,"Charlotte-Mecklenburg, N.C.",262103,68,71,822,976,1937,12,739.022445374528,25.9439991148518,27.0885873110953,313.617165770708,372.372693177873,NA,NA
"ILCPD00",1975,"Chicago",3150000,818,1657,22171,12514,37160,12,1179.68253968254,25.968253968254,52.6031746031746,703.84126984127,397.269841269841,NA,NA
"OHCIP00",1975,"Cincinnati",433367,64,261,1745,1508,3578,12,825.628162735049,14.768083402751,60.226090126844,402.661024028133,347.972965177321,NA,NA
"OHCLP00",1975,"Cleveland",659931,288,491,7100,2524,10403,12,1576.3769242542,43.6409260968192,74.4017177553411,1075.87005308131,382.464227320735,NA,NA
"OHCOP00",1975,"Columbus, Ohio",572797,62,416,2402,1100,3980,12,694.836041389882,10.8240790367268,72.6260786980379,419.34577171319,192.040111941927,NA,NA
"TXDPD00",1975,"Dallas",864665,237,547,3386,3485,7655,12,885.31396552422,27.4094591547015,63.2614943359567,391.596745560419,403.046266473143,NA,NA
"CODPD00",1975,"Denver",508140,74,480,2568,1838,4960,12,976.108946353367,14.5629157318849,94.462156098713,505.372535128114,361.711339394655,NA,NA
"MI82349",1975,"Detroit",1432444,633,1424,21317,7013,30387,12,2121.33947295671,44.1902091809523,99.4105179678926,1488.15590696739,489.582838840471,NA,NA
"TX07102",1975,"El Paso, Texas",369000,21,122,840,635,1618,12,438.482384823848,5.69105691056911,33.0623306233062,227.642276422764,172.086720867209,NA,NA
"VA02901",1975,"Fairfax County, Va.",487905,21,104,433,247,805,12,164.991135569424,4.30411658007194,21.3156249679753,88.7467847224357,50.6246092989414,NA,NA
"TX22012",1975,"Fort Worth, Texas",381275,69,169,1207,494,1939,12,508.556815946495,18.0971739558062,44.3249622975543,316.569405284899,129.565274408236,NA,NA
"CA01005",1975,"Fresno, Calif.",176500,25,84,567,465,1141,12,646.458923512748,14.1643059490085,47.5920679886686,321.246458923513,263.456090651558,NA,NA
"HI00200",1975,"Honolulu",705262,58,169,1050,319,1596,12,226.29887899816,8.22389409893061,23.962725908953,148.880841446158,45.2314175441184,NA,NA
"TXHPD00",1975,"Houston",1372342,347,588,6422,1567,8924,12,650.275222940054,25.2852423084042,42.8464624707252,467.959153039111,114.184365121814,NA,NA

"LANPD00",1994,"New Orleans",493990,424,436,4822,3639,9321,12,1886.88030122067,85.8316969979149,88.260895969554,976.133120103646,736.654588149558,NA,NA
"NY03030",1994,"New York City",7336224,1561,2666,72540,59755,136522,12,1860.93009155664,21.2779762450002,36.3402208002373,988.792054332038,814.519840179362,NA,NA
"NJNPD00",1994,"Newark, N.J.",271025,96,207,5775,4331,10409,12,3840.60511022968,35.4210866156259,76.3767180149433,2130.79974172124,1598.00756387787,NA,NA
"CA00109",1994,"Oakland, Calif.",379695,140,323,3877,3990,8330,12,2193.86612939333,36.8716996536694,85.0682784866801,1021.0827111234,1050.84344012958,NA,NA
"OK05506",1994,"Oklahoma City",461271,65,546,1748,4112,6471,12,1402.86295908479,14.0914993572108,118.368594600571,378.95293656007,891.449928566938,NA,NA
"NB02802",1994,"Omaha, Neb.",344975,33,217,918,2762,3930,12,1139.21298644829,9.56591057322994,62.9031089209363,266.106239582578,800.637727371549,NA,NA
"FL04804",1994,"Orlando, Fla.",180288,17,144,1095,2853,4109,12,2279.13116790912,9.42935747248846,79.8722044728434,607.36155484558,1582.46805111821,NA,NA
"PAPEP00",1994,"Philadelphia",1560576,404,721,12706,6807,20638,12,1322.46042486877,25.8878772965879,46.2008899278215,814.18655675853,436.185100885827,NA,NA
"AZ00723",1994,"Phoenix",1076108,231,438,3451,7507,11627,12,1080.46775974159,21.4662468822832,40.7022343482253,320.692718574716,697.606559936363,NA,NA
"PAPPD00",1994,"Pittsburgh",368594,64,261,2469,1311,4105,12,1113.69148711048,17.3632777527578,70.8096170854653,669.842699555609,355.675892716648,NA,NA
"OR02602",1994,"Portland, Ore.",463072,50,400,2344,6014,8808,12,1902.08002211319,10.7974569829314,86.379655863451,506.184783359823,1298.71812590699,NA,NA
"MD01721",1994,"Prince George's County, Md.",637404,115,380,3498,3385,7378,12,1157.50764036624,18.0419325890644,59.6168207290823,548.788523448237,531.060363599852,NA,NA
"NC09201",1994,"Raleigh, N.C.",228090,30,89,825,1226,2170,12,951.3788416853,13.1527028804419,39.0196852119777,361.699329212153,537.507124380727,NA,NA
"CA03404",1994,"Sacramento, Calif.",389458,62,174,2292,2170,4698,12,1206.2918209409,15.9195600039029,44.6774748496629,588.510185950732,557.1846001366,NA,NA
"UT01803",1994,"Salt Lake City",174827,20,158,502,640,1320,12,755.032117464694,11.4398805676469,90.3750564844103,287.141002247937,366.0761781647,NA,NA
"TXSPD00",1994,"San Antonio",999900,194,565,2781,2931,6471,12,647.164716471647,19.4019401940194,56.5056505650565,278.127812781278,293.129312931293,NA,NA
"CA03711",1994,"San Diego",1168785,113,403,3845,8238,12599,12,1077.95702374688,9.66815967008475,34.4802508587978,328.974105588282,704.834507629718,NA,NA
"CA03801",1994,"San Francisco",741568,91,292,6624,3830,10837,12,1461.3629498576,12.271295417278,39.3760248554414,893.242426857685,516.473202727194,NA,NA
"CA04313",1994,"San Jose",815235,33,375,1109,4398,5915,12,725.55766128785,4.04791256508859,45.9990064214613,136.034394990402,539.476347310898,NA,NA
"WASPD00",1994,"Seattle",540268,69,318,2536,3615,6538,12,1210.14015266497,12.7714393597252,58.8596770491682,469.396669800914,669.112366455167,NA,NA
"MOSPD00",1994,"St. Louis, Mo.",390437,248,304,6025,8067,14644,12,3750.66912203505,63.5185702174743,77.8614731698072,1543.14268371082,2066.14639493696,NA,NA
"NY05101",1994,"Suffolk County, N.Y.",1209231,37,40,1226,1220,2523,5,208.644998350191,3.05979585372853,3.30788740943625,101.386749099221,100.890565987805,"NY Division of Criminal Justice Services","https://data.ny.gov/Public-Safety/Index-Crimes-by-County-and-Agency-Beginning-1990/ca8h-8gjq"
"FL02902",1994,"Tampa, Fla.",294663,62,298,3378,6524,10262,12,3482.62252132097,21.040985804122,101.132480155296,1146.39435558587,2214.05469977568,NA,NA
"AZ01003",1994,"Tucson, Ariz.",441402,37,289,1012,3544,4882,12,1106.02126859416,8.38238159319623,65.4731967684786,229.26946411661,802.896226115876,NA,NA
"OK07205",1994,"Tulsa, Okla.",381640,42,296,1071,3230,4639,12,1215.54344408343,11.0051357300073,77.5600041924327,280.630961115187,846.347343045802,NA,NA
"VA12800",1994,"Virginia Beach, Va.",427471,33,145,609,371,1158,12,270.895569524014,7.71982192944083,33.9204296899673,142.465804697863,86.7895132067438,NA,NA
"DCMPD00",1994,"Washington, D.C.",570000,399,249,6311,8218,15177,12,2662.63157894737,70,43.6842105263158,1107.19298245614,1441.75438596491,NA,NA
"KS08703",1994,"Wichita, Kan.",316629,42,224,1060,1024,2350,12,742.193545126947,13.2647357001412,70.7452570674196,334.776662908325,323.406889451061,NA,NA
"NM00101",1995,"Albuquerque, N.M.",419714,53,296,1623,2763,4735,12,1128.14916824314,12.6276464449601,70.5242141077019,386.691890191893,658.305417498582,NA,NA
"TX22001",1995,"Arlington, Texas",292324,9,154,521,1892,2576,12,881.213995429729,3.07877560515045,52.6812714659077,178.226898920376,647.227049438294,NA,NA
"GAAPD00",1995,"Atlanta",404337,184,441,5260,8859,14744,12,3646.46322250994,45.5065947464615,109.067436321682,1300.8950454695,2190.9941459723,NA,NA
"CO00101",1995,"Aurora, Colo.",256957,18,138,549,1253,1958,12,761.995197640072,7.00506310394346,53.7054837968999,213.654424670276,487.630226068953,NA,NA
"TX22701",1995,"Austin, Texas",523691,46,308,1336,2360,4050,12,773.35680773586,8.78380571749371,58.8133078475666,255.11227040373,450.647423767069,NA,NA
"MDBPD00",1995,"Baltimore",712209,322,683,11353,9134,21492,12,3017.65352586109,45.2114477632268,95.898816218273,1594.05455421091,1282.48870766868,NA,NA
"MD00301",1995,"Baltimore County, Md.",716904,38,248,2468,4909,7663,12,1068.90183343934,5.30057022976577,34.5931951837345,344.258087554261,684.749980471583,NA,NA
"MA01301",1995,"Boston",550715,96,379,3597,5497,9569,12,1737.55935465713,17.4318840053385,68.819625396076,653.150903825028,998.156941430685,NA,NA
"NY01401",1995,"Buffalo, N.Y.",312395,62,261,2836,3174,6333,12,2027.24115302742,19.8466684806095,83.5480721522432,907.825029209815,1016.02138318475,NA,NA
"NC06001",1995,"Charlotte-Mecklenburg, N.C.",544146,89,366,2949,5824,9228,12,1695.86838826344,16.3559044815178,67.2613600026463,541.950138381978,1070.3009853973,NA,NA
"ILCPD00",1995,"Chicago",2749811,824,2896,30086,39205,73011,12,2655.12793424712,29.9656958241857,105.316329013158,1094.11155893987,1425.7343504699,"Illinois State Police","http://www.isp.state.il.us/docs/cii/cii97/cii97section1.pdf"
"OHCIP00",1995,"Cincinnati",359749,50,408,2155,2027,4640,12,1289.7881578545,13.8985792872253,113.412406983758,599.028767279409,563.448404304112,NA,NA
"OHCLP00",1995,"Cleveland",495074,129,689,4224,3108,8150,12,1646.21854510639,26.0567107139539,139.171113813289,853.205783377838,627.784937201307,NA,NA
"OHCOP00",1995,"Columbus, Ohio",638729,77,636,3329,2582,6624,12,1037.05953542113,12.0551908555898,99.5727452487675,521.191303354005,404.240295962764,NA,NA
"TXDPD00",1995,"Dallas",1042088,276,852,5899,8942,15969,12,1532.40417316004,26.4852872310208,81.7589301479338,566.07503397026,858.084921810826,NA,NA
"CODPD00",1995,"Denver",505843,81,320,1413,2543,4357,12,861.334445667925,16.0128735595827,63.2607350502033,279.335683206054,502.725153852085,NA,NA
"MI82349",1995,"Detroit",997297,475,1104,10076,12356,24011,12,2407.60776378551,47.6287404855324,110.699219991637,1010.33092448889,1238.94887881945,NA,NA
"TX07102",1995,"El Paso, Texas",590215,37,242,1076,3593,4948,12,838.338571537491,6.26890201028439,41.0020077429411,182.306447650432,608.761214133833,NA,NA
"VA02901",1995,"Fairfax County, Va.",856544,15,87,447,348,897,12,104.723166585721,1.75122352150035,10.1570964247021,52.1864609407106,40.6283856988082,NA,NA
"TX22012",1995,"Fort Worth, Texas",460321,108,332,1965,2939,5344,12,1160.92900389076,23.4618885516846,72.1235833255489,426.876027815372,638.467504198157,NA,NA
"CA01005",1995,"Fresno, Calif.",388495,71,212,2166,3210,5659,12,1456.64680369117,18.2756534833138,54.5695568797539,557.536133026165,826.265460301934,NA,NA
"HI00200",1995,"Honolulu",880266,38,217,1371,1256,2882,12,327.401035596058,4.31687694401465,24.6516393908205,155.748376059055,142.684143202168,NA,NA
"TXHPD00",1995,"Houston",1734335,316,837,9222,11885,22260,12,1283.48906064861,18.2202400343648,48.2605724960864,531.731182268708,685.277065849447,NA,NA
"INIPD00",1995,"Indianapolis",373973,82,381,2086,3158,5707,10,1526.04599797312,21.9267166346234,101.879012655994,557.79427926615,844.445989416348,NA,NA
"FL01602",1995,"Jacksonville, Fla.",679148,86,625,2920,5965,9596,12,1412.94680982643,12.6629247233298,92.0270692102458,429.950467350268,878.306348542586,NA,NA
"MOKPD00",1995,"Kansas City, Mo.",445549,107,470,3346,5811,9734,12,2184.72042356733,24.0153159360699,105.487836354699,750.983617963456,1304.2336533131,NA,NA
"NV00201",1995,"Las Vegas",793432,118,571,3712,5122,9523,12,1200.22887909739,14.8720999405116,71.9658395426451,467.840974399823,645.54996521441,NA,NA
"CA01941",1995,"Long Beach, Calif.",436034,80,171,2774,2624,5649,12,1295.54117339474,18.3471931087943,39.2171252700477,636.188921047441,601.787933968452,NA,NA
"CA01942",1995,"Los Angeles",3466211,849,1590,29134,38945,70518,12,2034.44048847574,24.4936041112327,45.8714140599058,840.514325296411,1123.56114500819,NA,NA
"CA01900",1995,"Los Angeles County, Calif.",970545,227,286,3657,9970,14140,12,1456.9133837174,23.3889206579808,29.4679793312005,376.798602846854,1027.25788088136,NA,NA
"KY05680",1995,"Louisville, Ky.",NA,NA,NA,NA,NA,NA,NA,NA,NA,NA,NA,NA,NA,NA
"TNMPD00",1995,"Memphis, Tenn.",623902,181,785,5779,4294,11039,12,1769.34839125375,29.0109664658873,125.821042407301,926.267266333495,688.249116047072,NA,NA
"AZ00717",1995,"Mesa, Ariz.",324654,17,128,507,1986,2638,12,812.557368767981,5.23634392306887,39.4265895384009,156.16625699976,611.728178306751,NA,NA
"FL01306",1995,"Miami",378720,110,198,5676,6943,12927,12,3413.33967046895,29.0452049007182,52.2813688212928,1498.73257287706,1833.28052386988,NA,NA
"FL01300",1995,"Miami-Dade County, Fla.",1098208,160,668,6406,11326,18560,12,1690.02593315656,14.5691890789359,60.8263644045572,583.313907747895,1031.31647192517,NA,NA
"WIMPD00",1995,"Milwaukee",622467,138,370,3650,2579,6737,12,1082.30637126145,22.1698499679501,59.4409020879822,586.376466543608,414.319152661908,NA,NA
"MN02711",1995,"Minneapolis",357709,96,578,3550,2852,7076,12,1978.14424574165,26.8374572627471,161.583857269456,992.426805028669,797.296126180778,NA,NA
"MD01604",1995,"Montgomery County, Md.",794575,20,215,1015,1109,2359,12,296.888273605387,2.51706887329705,27.0584903879432,127.741245319825,139.571469024321,NA,NA
"TN01901",1995,"Nashville, Tenn.",523681,105,487,2675,6109,9376,12,1790.4029361386,20.0503741781734,92.9955449978136,510.807151682035,1166.54986528058,NA,NA
"NY02900",1995,"Nassau County, N.Y.",1025407,17,70,877,903,1867,12,182.07404474516,1.65787828637799,6.82655764979174,85.5270151266765,88.0625936823135,NA,NA
NA,1995,"National",NA,21606,NA,NA,NA,1798792,NA,684.5,8.2,NA,NA,NA,NA,NA
"LANPD00",1995,"New Orleans",487179,363,487,5349,4677,10876,12,2232.4443377075,74.5106008263903,99.9632578579947,1097.95372953268,960.016749490434,NA,NA
"NY03030",1995,"New York City",7319546,1177,2317,59278,51251,114023,12,1557.78787372878,16.0802322985606,31.6549687644562,809.858972127506,700.193700538257,NA,NA
"NJNPD00",1995,"Newark, N.J.",260232,102,216,5480,4573,10371,12,3985.29004887946,39.1957945218113,83.0028589873651,2105.81327430908,1757.27812106121,NA,NA
"CA00109",1995,"Oakland, Calif.",368771,138,325,3880,3980,8323,0,2256.956214019,37.4215976852844,88.1305742588219,1052.14347115147,1079.26057092342,"California Attorney General","https://oag.ca.gov/crime/cjsc/stats/crimes-clearances"
"OK05506",1995,"Oklahoma City",466232,227,473,1603,3724,6027,12,1292.70406149728,48.6882067296968,101.451637811218,343.820243998696,798.743972957669,NA,NA
"NB02802",1995,"Omaha, Neb.",348089,27,80,808,2670,3585,12,1029.90901752138,7.75663695204387,22.9826280060559,232.124542861165,767.045209702116,NA,NA
"FL04804",1995,"Orlando, Fla.",179649,19,141,1048,2564,3772,12,2099.64987280753,10.5761791048099,78.4863817778,583.359773781095,1427.22753814382,NA,NA
"PAPEP00",1995,"Philadelphia",1529848,432,773,13612,7043,21860,12,1428.90012602559,28.23809947132,50.5278955817833,889.761597230575,460.372533741914,NA,NA
"AZ00723",1995,"Phoenix",1085706,214,411,3693,7272,11590,12,1067.5081467727,19.7106767393751,37.8555520555288,340.147332703329,669.794585274467,NA,NA
"PAPPD00",1995,"Pittsburgh",354780,58,243,2077,1096,3474,12,979.19837645865,16.3481594227409,68.4931506849315,585.433226224703,308.923840126275,NA,NA
"OR02602",1995,"Portland, Ore.",458623,43,426,2298,6066,8833,12,1925.98277888375,9.3758926176838,92.8867501193791,501.065145010172,1322.65499113651,NA,NA
"MD01721",1995,"Prince George's County, Md.",640535,127,361,3812,3626,7926,12,1237.40310833912,19.8271757202963,56.3591372836769,595.127510596611,566.089284738539,NA,NA
"TX22001",2006,"Arlington, Texas",373086,14,192,890,1632,2728,12,731.198704856253,3.75248602198957,51.4626654444284,238.550897112194,437.432656277641,NA,NA
"GAAPD00",2006,"Atlanta",485804,110,171,2959,4308,7548,12,1553.71302006571,22.642876551037,35.1993808202485,609.093379222896,886.777383471524,NA,NA
"CO00101",2006,"Aurora, Colo.",302855,18,217,600,1022,1857,12,613.164715788083,5.94343827904443,71.6514503640356,198.114609301481,337.455217843522,NA,NA
"TX22701",2006,"Austin, Texas",709813,20,319,1358,1961,3658,12,515.346999843621,2.81764352019476,44.9414141471064,191.317995021224,276.269947155096,NA,NA
"MDBPD00",2006,"Baltimore",637556,276,138,4229,6173,10816,12,1696.47842699308,43.2903148899861,21.6451574449931,663.314281412143,968.228673245958,NA,NA
"MD00301",2006,"Baltimore County, Md.",788266,34,141,2084,3405,5664,12,718.539173324741,4.3132648116245,17.8873628952663,264.377760806631,431.960784811219,NA,NA
"MA01301",2006,"Boston",562393,75,275,2698,4485,7533,12,1339.45479406749,13.3358701121813,48.8981904113316,479.735700835537,797.485032708444,NA,NA
"NY01401",2006,"Buffalo, N.Y.",280494,74,174,1708,2001,3957,12,1410.72536310937,26.382025996991,62.0334124794113,608.925681119739,713.38424351323,NA,NA
"NC06001",2006,"Charlotte-Mecklenburg, N.C.",699398,83,346,3207,3896,7532,12,1076.92615649459,11.8673487770912,49.4711165888378,458.537199134112,557.050491994544,NA,NA
"ILCPD00",2006,"Chicago",2857796,468,1587,15863,17445,35363,12,1237.42212530216,16.3762563877898,55.532305315005,555.07810914425,610.435454455112,"Illinois State Police","http://www.isp.state.il.us/docs/cii/cii07/cii07_Section_I_Pg9_to_26.pdf"
"OHCIP00",2006,"Cincinnati",309104,90,296,2341,1050,3777,12,1221.91883637869,29.1164138930586,95.7606501371707,757.350276929448,339.691495419018,NA,NA
